-------------------------------------------------------------
----------------------- !PROPERTIES! ------------------------
-------------------------------------------------------------
# -----------------------------------------------------------
$ PAL_Flags
   description: The PAL Flags
   geom. index: 1
   prop. index: 1
        Diskflag:     2
# -----------------------------------------------------------
$ SCF_Energy
   description: The SCF energy
   geom. index: 1
   prop. index: 1
        SCF Energy:     -696.4466800940
# -----------------------------------------------------------
$ DFT_Energy
   description: The DFT energy
   geom. index: 1
   prop. index: 1
   Number of Alpha Electrons                 62.9999737745 
   Number of Beta  Electrons                 62.9999737745 
   Total number of  Electrons               125.9999475491 
   Exchange energy                          -79.1902536066 
   Correlation energy                        -4.9224136175 
   Correlation energy NL                      0.0000000000 
   Exchange-Correlation energy              -84.1126672242 
   Embedding correction                       0.0000000000 
   Total DFT Energy (No VdW correction)    -696.4466800940 
# -----------------------------------------------------------
$ Mayer_Pop
   description: The Mayer population analysis
   geom. index: 1
   prop. index: 1
     Number of atoms                     : 36
     Threshold for printing              : 0.1000000
     Number of bond orders printed       : 36
  NA   - Mulliken gross atomic population
  ZA   - Total nuclear charge
  QA   - Mulliken gross atomic charge
  VA   - Mayer's total valence
  BVA  - Mayer's bonded valence
  FA   - Mayer's free valence
  ATOM       NA         ZA         QA         VA         BVA        FA
  0   0     6.0417     6.0000    -0.0417     3.9093     3.9093     0.0000
  1   0     6.0419     6.0000    -0.0419     3.9103     3.9103     0.0000
  2   0     6.0413     6.0000    -0.0413     3.9097     3.9097    -0.0000
  3   0     6.0417     6.0000    -0.0417     3.9094     3.9094     0.0000
  4   0     6.0417     6.0000    -0.0417     3.9100     3.9100     0.0000
  5   0     6.0416     6.0000    -0.0416     3.9103     3.9103    -0.0000
  6   0     6.1153     6.0000    -0.1153     3.9511     3.9511    -0.0000
  7   0     6.1145     6.0000    -0.1145     3.9514     3.9514    -0.0000
  8   0     6.1153     6.0000    -0.1153     3.9508     3.9508     0.0000
  9   0     6.1154     6.0000    -0.1154     3.9508     3.9508     0.0000
 10   0     6.1151     6.0000    -0.1151     3.9518     3.9518    -0.0000
 11   0     6.1144     6.0000    -0.1144     3.9519     3.9519     0.0000
 12   0     6.1155     6.0000    -0.1155     3.9517     3.9517     0.0000
 13   0     6.1144     6.0000    -0.1144     3.9510     3.9510     0.0000
 14   0     6.1154     6.0000    -0.1154     3.9507     3.9507     0.0000
 15   0     6.1154     6.0000    -0.1154     3.9507     3.9507     0.0000
 16   0     6.1146     6.0000    -0.1146     3.9515     3.9515    -0.0000
 17   0     6.1149     6.0000    -0.1149     3.9515     3.9515     0.0000
 18   0     0.9531     1.0000     0.0469     1.0351     1.0351     0.0000
 19   0     0.9530     1.0000     0.0470     1.0358     1.0358     0.0000
 20   0     0.9529     1.0000     0.0471     1.0357     1.0357    -0.0000
 21   0     0.9533     1.0000     0.0467     1.0353     1.0353     0.0000
 22   0     0.9531     1.0000     0.0469     1.0357     1.0357     0.0000
 23   0     0.9530     1.0000     0.0470     1.0356     1.0356    -0.0000
 24   0     0.8874     1.0000     0.1126     1.0073     1.0073    -0.0000
 25   0     0.8876     1.0000     0.1124     1.0073     1.0073    -0.0000
 26   0     0.8879     1.0000     0.1121     1.0075     1.0075     0.0000
 27   0     0.8877     1.0000     0.1123     1.0074     1.0074    -0.0000
 28   0     0.8876     1.0000     0.1124     1.0073     1.0073    -0.0000
 29   0     0.8874     1.0000     0.1126     1.0073     1.0073    -0.0000
 30   0     0.8875     1.0000     0.1125     1.0074     1.0074     0.0000
 31   0     0.8876     1.0000     0.1124     1.0073     1.0073    -0.0000
 32   0     0.8879     1.0000     0.1121     1.0075     1.0075     0.0000
 33   0     0.8878     1.0000     0.1122     1.0074     1.0074    -0.0000
 34   0     0.8876     1.0000     0.1124     1.0073     1.0073    -0.0000
 35   0     0.8874     1.0000     0.1126     1.0073     1.0073     0.0000
      Bond orders larger than 0.1000000
           Atom A     A.N. of A          Atom B    A.N. of B              Bond order
                0             6               6            6                1.404206
                0             6              17            6                1.404782
                0             6              18            1                0.967664
                1             6               7            6                1.405573
                1             6               8            6                1.403670
                1             6              19            1                0.967712
                2             6               9            6                1.403942
                2             6              10            6                1.405081
                2             6              20            1                0.967868
                3             6              11            6                1.404766
                3             6              12            6                1.404291
                3             6              21            1                0.967694
                4             6              13            6                1.405403
                4             6              14            6                1.403597
                4             6              22            1                0.967791
                5             6              15            6                1.403779
                5             6              16            6                1.405404
                5             6              23            1                0.967742
                6             6               7            6                1.375646
                6             6              24            1                0.961177
                7             6              25            1                0.960750
                8             6               9            6                1.375708
                8             6              26            1                0.961831
                9             6              27            1                0.961576
               10             6              11            6                1.376102
               10             6              28            1                0.960815
               11             6              29            1                0.960734
               12             6              13            6                1.375516
               12             6              30            1                0.961274
               13             6              31            1                0.960809
               14             6              15            6                1.375690
               14             6              32            1                0.961809
               15             6              33            1                0.961732
               16             6              17            6                1.375665
               16             6              34            1                0.960803
               17             6              35            1                0.960895
# -----------------------------------------------------------
$ Calculation_Info
   description: Details of the calculation
   geom. index: 1
   prop. index: 1
     Multiplicity:                          1
     Charge:                                0
     number of atoms:                       36
     number of electrons:                   0
     number of frozen core electrons:       1
     number of correlated electrons:        0
     number of basis functions:             810
     number of aux C basis functions:       0
     number of aux J basis functions:       1080
     number of aux JK basis functions:      0
     number of aux CABS basis functions:    0
     Total Energy                           -696.446680
# -----------------------------------------------------------
$ SCF_Electric_Properties
   description: The SCF Calculated Electric Properties
   geom. index: 1
   prop. index: 1
       Filename                          : nmr.scfp 
       Do Dipole Moment Calculation      : true 
       Do Quadrupole Moment Calculation  : false 
       Do Polarizability Calculation     : false 
** Dipole moment part of electric properties **
        Magnitude of dipole moment (Debye) :        0.0000108213
        Electronic Contribution:
                  0    
      0       0.000001
      1      -0.000001
      2      -0.000034
        Nuclear Contribution:
                  0    
      0      -0.000003
      1      -0.000001
      2       0.000031
        Total Dipole moment:
                  0    
      0      -0.000001
      1      -0.000002
      2      -0.000004
# -----------------------------------------------------------
$ EPRNMR_OrbitalShielding
   description: Orbital contribution to the NMR Shielding tensor (ppm)
   geom. index: 1
   prop. index: 1
 Number of stored nuclei 36
 Source density: 1 SCF 
 Nucleus: 18 H  
 Shielding tensor (ppm): 
                  0          1          2    
      0      20.512519   0.000050   0.002556
      1      -0.000025  29.040460   0.000302
      2       0.007975  -0.001589  78.498758
 P Tensor eigenvectors:
                   0          1          2    
      0      -1.000000   0.000001   0.000118
      1       0.000001   1.000000  -0.000022
      2       0.000118   0.000022   1.000000
 P Eigenvalues: 
                  0          1          2    
      0      20.512519  29.040460  78.498758
P(iso)  42.683912
 Nucleus: 19 H  
 Shielding tensor (ppm): 
                  0          1          2    
      0      26.914306  -3.694117  -0.000026
      1      -3.698257  22.645727  -0.000225
      2       0.001257  -0.006392  78.524096
 P Tensor eigenvectors:
                   0          1          2    
      0       0.499938   0.866061   0.000021
      1       0.866061  -0.499938  -0.000091
      2       0.000068  -0.000064   1.000000
 P Eigenvalues: 
                  0          1          2    
      0      20.511880  29.048153  78.524096
P(iso)  42.694710
 Nucleus: 20 H  
 Shielding tensor (ppm): 
                  0          1          2    
      0      26.914217   3.694177   0.000661
      1       3.698008  22.645690  -0.000604
      2      -0.003893  -0.004576  78.524498
 P Tensor eigenvectors:
                   0          1          2    
      0       0.499938   0.866061  -0.000056
      1      -0.866061   0.499938  -0.000068
      2      -0.000031   0.000082   1.000000
 P Eigenvalues: 
                  0          1          2    
      0      20.511912  29.047995  78.524498
P(iso)  42.694802
 Nucleus: 21 H  
 Shielding tensor (ppm): 
                  0          1          2    
      0      20.512640  -0.000045  -0.002790
      1      -0.000059  29.040508  -0.000233
      2      -0.008947   0.001426  78.499150
 P Tensor eigenvectors:
                   0          1          2    
      0      -1.000000  -0.000006  -0.000132
      1      -0.000006   1.000000   0.000020
      2      -0.000132  -0.000020   1.000000
 P Eigenvalues: 
                  0          1          2    
      0      20.512639  29.040508  78.499150
P(iso)  42.684099
 Nucleus: 22 H  
 Shielding tensor (ppm): 
                  0          1          2    
      0      26.914288  -3.694106   0.000519
      1      -3.698200  22.645747   0.000783
      2      -0.001494   0.006412  78.524647
 P Tensor eigenvectors:
                   0          1          2    
      0       0.499938   0.866061  -0.000023
      1       0.866061  -0.499938   0.000093
      2      -0.000069   0.000066   1.000000
 P Eigenvalues: 
                  0          1          2    
      0      20.511920  29.048115  78.524647
P(iso)  42.694894
 Nucleus: 23 H  
 Shielding tensor (ppm): 
                  0          1          2    
      0      26.914224   3.694098  -0.000225
      1       3.698041  22.645624   0.000406
      2       0.004613   0.004208  78.524825
 P Tensor eigenvectors:
                   0          1          2    
      0       0.499933   0.866064   0.000068
      1      -0.866064   0.499933   0.000062
      2       0.000020  -0.000090   1.000000
 P Eigenvalues: 
                  0          1          2    
      0      20.511884  29.047964  78.524825
P(iso)  42.694891
 Nucleus: 24 H  
 Shielding tensor (ppm): 
                  0          1          2    
      0      23.558706  -0.574789   0.000264
      1       0.783848  28.759600   0.000641
      2      -0.003258   0.002472   7.861126
 P Tensor eigenvectors:
                   0          1          2    
      0       0.000039  -0.999453  -0.033063
      1      -0.000050   0.033063  -0.999453
      2       1.000000   0.000041  -0.000048
 P Eigenvalues: 
                  0          1          2    
      0       7.861126  23.557484  28.760823
P(iso)  20.059811
 Nucleus: 25 H  
 Shielding tensor (ppm): 
                  0          1          2    
      0      27.552426  -1.517048   0.000696
      1      -2.883027  24.758653   0.001179
      2      -0.002821   0.002602   7.869497
 P Tensor eigenvectors:
                   0          1          2    
      0      -0.000005   0.470174  -0.882574
      1      -0.000089   0.882574   0.470174
      2       1.000000   0.000081   0.000037
 P Eigenvalues: 
                  0          1          2    
      0       7.869497  23.550385  28.760694
P(iso)  20.060192
 Nucleus: 26 H  
 Shielding tensor (ppm): 
                  0          1          2    
      0      27.372301  -2.986251   0.000764
      1      -1.627134  24.950074   0.001672
      2      -0.000395   0.004596   7.853384
 P Tensor eigenvectors:
                   0          1          2    
      0      -0.000047   0.528339  -0.849034
      1      -0.000143   0.849034   0.528339
      2       1.000000   0.000146   0.000035
 P Eigenvalues: 
                  0          1          2    
      0       7.853383  23.556759  28.765616
P(iso)  20.058586
 Nucleus: 27 H  
 Shielding tensor (ppm): 
                  0          1          2    
      0      27.372441   2.986211  -0.000551
      1       1.627215  24.950089   0.001771
      2       0.000787   0.005173   7.852798
 P Tensor eigenvectors:
                   0          1          2    
      0       0.000036  -0.528330  -0.849039
      1      -0.000154   0.849039  -0.528330
      2       1.000000   0.000149  -0.000051
 P Eigenvalues: 
                  0          1          2    
      0       7.852798  23.556789  28.765741
P(iso)  20.058443
 Nucleus: 28 H  
 Shielding tensor (ppm): 
                  0          1          2    
      0      27.552244   1.516905  -0.000694
      1       2.883049  24.758659   0.001550
      2       0.004669   0.001770   7.868928
 P Tensor eigenvectors:
                   0          1          2    
      0      -0.000017  -0.470181  -0.882570
      1      -0.000089   0.882570  -0.470181
      2       1.000000   0.000071  -0.000057
 P Eigenvalues: 
                  0          1          2    
      0       7.868928  23.550398  28.760504
P(iso)  20.059943
 Nucleus: 29 H  
 Shielding tensor (ppm): 
                  0          1          2    
      0      23.558793   0.574613  -0.000372
      1      -0.783847  28.759604   0.000209
      2       0.006646   0.000417   7.861276
 P Tensor eigenvectors:
                   0          1          2    
      0      -0.000088   0.999453  -0.033078
      1      -0.000013   0.033078   0.999453
      2       1.000000   0.000088   0.000010
 P Eigenvalues: 
                  0          1          2    
      0       7.861276  23.557566  28.760831
P(iso)  20.059891
 Nucleus: 30 H  
 Shielding tensor (ppm): 
                  0          1          2    
      0      23.558809  -0.574756  -0.000388
      1       0.783998  28.759644  -0.000599
      2       0.005294  -0.002301   7.860870
 P Tensor eigenvectors:
                   0          1          2    
      0      -0.000066  -0.999453  -0.033082
      1       0.000047   0.033082  -0.999453
      2       1.000000  -0.000067   0.000044
 P Eigenvalues: 
                  0          1          2    
      0       7.860870  23.557583  28.760871
P(iso)  20.059774
 Nucleus: 31 H  
 Shielding tensor (ppm): 
                  0          1          2    
      0      27.552349  -1.517013  -0.000627
      1      -2.882998  24.758617  -0.001334
      2       0.003271  -0.003439   7.869691
 P Tensor eigenvectors:
                   0          1          2    
      0      -0.000000   0.470174  -0.882574
      1       0.000107   0.882574   0.470174
      2       1.000000  -0.000094  -0.000051
 P Eigenvalues: 
                  0          1          2    
      0       7.869691  23.550367  28.760600
P(iso)  20.060219
 Nucleus: 32 H  
 Shielding tensor (ppm): 
                  0          1          2    
      0      27.372325  -2.986281  -0.000822
      1      -1.627129  24.950116  -0.001689
      2      -0.000792  -0.005490   7.853257
 P Tensor eigenvectors:
                   0          1          2    
      0       0.000066   0.528341  -0.849032
      1       0.000159   0.849032   0.528341
      2       1.000000  -0.000170  -0.000028
 P Eigenvalues: 
                  0          1          2    
      0       7.853256  23.556786  28.765656
P(iso)  20.058566
 Nucleus: 33 H  
 Shielding tensor (ppm): 
                  0          1          2    
      0      27.372461   2.986194   0.000306
      1       1.627194  24.950113  -0.001840
      2      -0.001820  -0.004441   7.853024
 P Tensor eigenvectors:
                   0          1          2    
      0      -0.000012  -0.528329  -0.849040
      1       0.000143   0.849040  -0.528329
      2       1.000000  -0.000128   0.000065
 P Eigenvalues: 
                  0          1          2    
      0       7.853024  23.556829  28.765745
P(iso)  20.058533
 Nucleus: 34 H  
 Shielding tensor (ppm): 
                  0          1          2    
      0      27.552385   1.516925   0.000493
      1       2.883195  24.758695  -0.001541
      2      -0.005203  -0.000363   7.869452
 P Tensor eigenvectors:
                   0          1          2    
      0       0.000035  -0.470180  -0.882571
      1       0.000066   0.882571  -0.470180
      2       1.000000  -0.000042   0.000061
 P Eigenvalues: 
                  0          1          2    
      0       7.869452  23.550389  28.760691
P(iso)  20.060177
 Nucleus: 35 H  
 Shielding tensor (ppm): 
                  0          1          2    
      0      23.558698   0.574766   0.000447
      1      -0.783921  28.759758  -0.000182
      2      -0.005643   0.000116   7.861099
 P Tensor eigenvectors:
                   0          1          2    
      0       0.000068   0.999453  -0.033072
      1       0.000006   0.033072   0.999453
      2       1.000000  -0.000068  -0.000004
 P Eigenvalues: 
                  0          1          2    
      0       7.861099  23.557474  28.760983
P(iso)  20.059852
 Nucleus: 0 C  
 Shielding tensor (ppm): 
                  0          1          2    
      0     -47.294665   0.000586   0.064213
      1       0.000713  34.896235  -0.009554
      2       0.037537   0.001131 206.061721
 P Tensor eigenvectors:
                   0          1          2    
      0       0.000003  -1.000000   0.000117
      1       1.000000   0.000003  -0.000002
      2       0.000002   0.000117   1.000000
 P Eigenvalues: 
                  0          1          2    
      0      34.896235 -47.294673 206.061730
P(iso)  64.554430
 Nucleus: 1 C  
 Shielding tensor (ppm): 
                  0          1          2    
      0      14.346608 -35.606708   0.002789
      1     -35.531704 -26.888758  -0.031427
      2       0.005697  -0.025876 206.109749
 P Tensor eigenvectors:
                   0          1          2    
      0      -0.867945   0.496661   0.000056
      1       0.496661   0.867945  -0.000113
      2       0.000104   0.000070   1.000000
 P Eigenvalues: 
                  0          1          2    
      0      34.840927 -47.383081 206.109753
P(iso)  64.522533
 Nucleus: 2 C  
 Shielding tensor (ppm): 
                  0          1          2    
      0      14.352109  35.600463  -0.015115
      1      35.536957 -26.891549  -0.029753
      2      -0.012708  -0.010873 206.103387
 P Tensor eigenvectors:
                   0          1          2    
      0       0.867740   0.497018  -0.000094
      1       0.497018  -0.867740  -0.000048
      2       0.000106   0.000005   1.000000
 P Eigenvalues: 
                  0          1          2    
      0      34.844138 -47.383582 206.103389
P(iso)  64.521315
 Nucleus: 3 C  
 Shielding tensor (ppm): 
                  0          1          2    
      0     -47.294981   0.000449  -0.075673
      1       0.002354  34.894684   0.008847
      2      -0.045639   0.002775 206.059841
 P Tensor eigenvectors:
                   0          1          2    
      0      -0.000060  -1.000000  -0.000145
      1       1.000000  -0.000060   0.000021
      2      -0.000021  -0.000145   1.000000
 P Eigenvalues: 
                  0          1          2    
      0      34.894683 -47.294993 206.059853
P(iso)  64.553181
 Nucleus: 4 C  
 Shielding tensor (ppm): 
                  0          1          2    
      0      14.347091 -35.608214  -0.001390
      1     -35.532416 -26.889270   0.039582
      2      -0.006610   0.021779 206.106160
 P Tensor eigenvectors:
                   0          1          2    
      0      -0.867960   0.496635  -0.000067
      1       0.496635   0.867960   0.000085
      2      -0.000100  -0.000041   1.000000
 P Eigenvalues: 
                  0          1          2    
      0      34.842105 -47.384287 206.106163
P(iso)  64.521327
 Nucleus: 5 C  
 Shielding tensor (ppm): 
                  0          1          2    
      0      14.347641  35.606794   0.020577
      1      35.535732 -26.888273   0.024027
      2       0.014675   0.009250 206.108178
 P Tensor eigenvectors:
                   0          1          2    
      0       0.867862   0.496805   0.000101
      1       0.496805  -0.867862   0.000048
      2      -0.000112  -0.000009   1.000000
 P Eigenvalues: 
                  0          1          2    
      0      34.843676 -47.384311 206.108181
P(iso)  64.522515
 Nucleus: 6 C  
 Shielding tensor (ppm): 
                  0          1          2    
      0     -42.337026   1.115453   0.017646
      1       6.350597  37.774846  -0.011833
      2       0.010179  -0.005756 162.714225
 P Tensor eigenvectors:
                   0          1          2    
      0      -0.371409   0.928469   0.000033
      1       0.928469   0.371409  -0.000054
      2       0.000063  -0.000011   1.000000
 P Eigenvalues: 
                  0          1          2    
      0      24.149241 -28.711422 162.714226
P(iso)  52.717348
 Nucleus: 7 C  
 Shielding tensor (ppm): 
                  0          1          2    
      0      21.066707 -30.195793   0.017749
      1     -35.481235 -25.657486  -0.006733
      2       0.013072  -0.015073 162.709697
 P Tensor eigenvectors:
                   0          1          2    
      0      -0.618447   0.785827   0.000109
      1       0.785827   0.618447  -0.000112
      2       0.000156  -0.000017   1.000000
 P Eigenvalues: 
                  0          1          2    
      0      24.131910 -28.722692 162.709699
P(iso)  52.706306
 Nucleus: 8 C  
 Shielding tensor (ppm): 
                  0          1          2    
      0      14.624178 -39.205968  -0.005996
      1     -34.019708 -19.071667  -0.040237
      2      -0.006821  -0.010474 162.736813
 P Tensor eigenvectors:
                   0          1          2    
      0       0.990384   0.138349   0.000007
      1      -0.138349   0.990384  -0.000029
      2      -0.000011   0.000027   1.000000
 P Eigenvalues: 
                  0          1          2    
      0      24.012493 -28.459983 162.736815
P(iso)  52.763108
 Nucleus: 9 C  
 Shielding tensor (ppm): 
                  0          1          2    
      0      14.625265  39.202373   0.003829
      1      34.020518 -19.074737  -0.039411
      2      -0.004127   0.007792 162.729452
 P Tensor eigenvectors:
                   0          1          2    
      0       0.990344  -0.138635  -0.000078
      1       0.138635   0.990344   0.000089
      2       0.000065  -0.000098   1.000000
 P Eigenvalues: 
                  0          1          2    
      0      24.030803 -28.480269 162.729446
P(iso)  52.759993
 Nucleus: 10 C  
 Shielding tensor (ppm): 
                  0          1          2    
      0      21.071843  30.192324  -0.035106
      1      35.483918 -25.661471   0.004830
      2      -0.015915   0.007514 162.721091
 P Tensor eigenvectors:
                   0          1          2    
      0       0.618210  -0.786013  -0.000128
      1       0.786013   0.618210   0.000003
      2       0.000076  -0.000102   1.000000
 P Eigenvalues: 
                  0          1          2    
      0      24.112715 -28.702347 162.721095
P(iso)  52.710488
 Nucleus: 11 C  
 Shielding tensor (ppm): 
                  0          1          2    
      0     -42.331599  -1.114375  -0.036447
      1      -6.344358  37.775663  -0.004311
      2       0.001003  -0.007079 162.722517
 P Tensor eigenvectors:
                   0          1          2    
      0       0.371537  -0.928418   0.000071
      1       0.928418   0.371537  -0.000051
      2       0.000021   0.000085   1.000000
 P Eigenvalues: 
                  0          1          2    
      0      24.144874 -28.700806 162.722514
P(iso)  52.722194
 Nucleus: 12 C  
 Shielding tensor (ppm): 
                  0          1          2    
      0     -42.335703   1.114985  -0.028738
      1       6.350983  37.773714   0.017546
      2      -0.000883   0.013577 162.717281
 P Tensor eigenvectors:
                   0          1          2    
      0      -0.371455   0.928451   0.000049
      1       0.928451   0.371455   0.000114
      2      -0.000087  -0.000088   1.000000
 P Eigenvalues: 
                  0          1          2    
      0      24.145462 -28.707451 162.717281
P(iso)  52.718431
 Nucleus: 13 C  
 Shielding tensor (ppm): 
                  0          1          2    
      0      21.068023 -30.194909  -0.024671
      1     -35.481525 -25.656216   0.009045
      2      -0.017286   0.001125 162.713009
 P Tensor eigenvectors:
                   0          1          2    
      0      -0.618296   0.785946  -0.000147
      1       0.785946   0.618296   0.000026
      2      -0.000112   0.000099   1.000000
 P Eigenvalues: 
                  0          1          2    
      0      24.121225 -28.709421 162.713012
P(iso)  52.708272
 Nucleus: 14 C  
 Shielding tensor (ppm): 
                  0          1          2    
      0      14.622729 -39.206897   0.012917
      1     -34.019857 -19.072804   0.042069
      2      -0.000888  -0.009695 162.738715
 P Tensor eigenvectors:
                   0          1          2    
      0       0.990368   0.138458  -0.000056
      1      -0.138458   0.990368  -0.000118
      2       0.000039   0.000124   1.000000
 P Eigenvalues: 
                  0          1          2    
      0      24.017972 -28.468039 162.738707
P(iso)  52.762880
 Nucleus: 15 C  
 Shielding tensor (ppm): 
                  0          1          2    
      0      14.624211  39.204686   0.004434
      1      34.019903 -19.074379   0.039584
      2       0.004706   0.000596 162.733144
 P Tensor eigenvectors:
                   0          1          2    
      0      -0.990356  -0.138548   0.000087
      1      -0.138548   0.990356  -0.000020
      2       0.000083   0.000032   1.000000
 P Eigenvalues: 
                  0          1          2    
      0      24.024601 -28.474768 162.733143
P(iso)  52.760992
 Nucleus: 16 C  
 Shielding tensor (ppm): 
                  0          1          2    
      0      21.067858  30.195436   0.033164
      1      35.481793 -25.654995  -0.010290
      2       0.006617   0.006006 162.714634
 P Tensor eigenvectors:
                   0          1          2    
      0       0.618253   0.785980   0.000056
      1       0.785980  -0.618253   0.000089
      2      -0.000105   0.000011   1.000000
 P Eigenvalues: 
                  0          1          2    
      0      24.118956 -28.706093 162.714634
P(iso)  52.709166
 Nucleus: 17 C  
 Shielding tensor (ppm): 
                  0          1          2    
      0     -42.334414  -1.115287   0.036896
      1      -6.349286  37.774456  -0.000204
      2       0.007319   0.008060 162.716023
 P Tensor eigenvectors:
                   0          1          2    
      0       0.371477   0.928442  -0.000015
      1       0.928442  -0.371477   0.000051
      2      -0.000041   0.000033   1.000000
 P Eigenvalues: 
                  0          1          2    
      0      24.145297 -28.705254 162.716023
P(iso)  52.718688
# -------------------------------------------------------------
----------------------- !GEOMETRIES! ------------------------
# -------------------------------------------------------------
------------------------ !GEOMETRY! -------------------------
    Number of atoms:    36 
    Geometry Index:     1 
    Coordinates:
               0 C      2.965501169803    0.000000401533    0.999718372456
               1 C      1.482949028062    2.567635850351    1.000175801961
               2 C     -1.482947430631    2.567634951097    1.000140182903
               3 C     -2.965501940359   -0.000000692507    0.999670354809
               4 C     -1.482948134649   -2.567634926798    1.000272522045
               5 C      1.482947243816   -2.567634870465    1.000082640973
               6 C      3.569650552010    1.249712525596    0.999772278576
               7 C      2.867254200106    2.466649257900    0.999994817877
               8 C      0.702451992900    3.715475651574    1.000424651790
               9 C     -0.702449361705    3.715474643769    1.000409476136
              10 C     -2.867253083219    2.466647111446    0.999804197074
              11 C     -3.569650513779    1.249711284297    0.999575495056
              12 C     -3.569649970601   -1.249713063112    0.999716618452
              13 C     -2.867253034597   -2.466648845461    1.000008995375
              14 C     -0.702451323295   -3.715474049299    1.000485435973
              15 C      0.702449734852   -3.715474114904    1.000394346939
              16 C      2.867252786084   -2.466648120473    0.999758814489
              17 C      3.569649621077   -1.249712199078    0.999577285170
              18 H      1.885383677688    0.000001107748    1.000014930448
              19 H      0.944217210613    1.631609566624    1.000077925460
              20 H     -0.944217539494    1.631607457046    1.000028821556
              21 H     -1.885384752411   -0.000001671259    1.000058279094
              22 H     -0.944217766613   -1.631608060910    1.000076334354
              23 H      0.944216689461   -1.631608320508    1.000046920178
              24 H      4.653416901149    1.295714830385    0.999644477701
              25 H      3.448668274247    3.382363127044    1.000021847817
              26 H      1.204648594267    4.676954152109    1.000611534948
              27 H     -1.204646518750    4.676952759813    1.000580032991
              28 H     -3.448667019072    3.382360870679    0.999719998601
              29 H     -4.653416644167    1.295713433443    0.999342704329
              30 H     -4.653415899221   -1.295716521920    0.999536901710
              31 H     -3.448666085379   -3.382362776445    1.000018414001
              32 H     -1.204648845937   -4.676951599840    1.000691102454
              33 H      1.204646122014   -4.676952233734    1.000546307602
              34 H      3.448666245944   -3.382362030703    0.999654501564
              35 H      4.653415819786   -1.295714885039    0.999346677140
