-------------------------------------------------------------
----------------------- !PROPERTIES! ------------------------
-------------------------------------------------------------
# -----------------------------------------------------------
$ PAL_Flags
   description: The PAL Flags
   geom. index: 1
   prop. index: 1
        Diskflag:     2
# -----------------------------------------------------------
$ SCF_Energy
   description: The SCF energy
   geom. index: 1
   prop. index: 1
        SCF Energy:     -449.1124635083
# -----------------------------------------------------------
$ DFT_Energy
   description: The DFT energy
   geom. index: 1
   prop. index: 1
   Number of Alpha Electrons                 25.0000075043 
   Number of Beta  Electrons                 25.0000075043 
   Total number of  Electrons                50.0000150087 
   Exchange energy                          -35.9942710183 
   Correlation energy                        -1.9862226202 
   Correlation energy NL                      0.0000000000 
   Exchange-Correlation energy              -37.9804936384 
   Embedding correction                       0.0000000000 
   Total DFT Energy (No VdW correction)    -449.1124635083 
# -----------------------------------------------------------
$ Mayer_Pop
   description: The Mayer population analysis
   geom. index: 1
   prop. index: 1
     Number of atoms                     : 17
     Threshold for printing              : 0.1000000
     Number of bond orders printed       : 16
  NA   - Mulliken gross atomic population
  ZA   - Total nuclear charge
  QA   - Mulliken gross atomic charge
  VA   - Mayer's total valence
  BVA  - Mayer's bonded valence
  FA   - Mayer's free valence
  ATOM       NA         ZA         QA         VA         BVA        FA
  0   0    13.4825    14.0000     0.5175     4.0474     4.0474     0.0000
  1   0     6.4136     6.0000    -0.4136     3.8605     3.8605     0.0000
  2   0     6.4138     6.0000    -0.4138     3.8604     3.8604    -0.0000
  3   0     6.4140     6.0000    -0.4140     3.8607     3.8607    -0.0000
  4   0     6.4139     6.0000    -0.4139     3.8608     3.8608    -0.0000
  5   0     0.9053     1.0000     0.0947     1.0051     1.0051     0.0000
  6   0     0.9053     1.0000     0.0947     1.0050     1.0050    -0.0000
  7   0     0.9053     1.0000     0.0947     1.0050     1.0050     0.0000
  8   0     0.9051     1.0000     0.0949     1.0049     1.0049    -0.0000
  9   0     0.9052     1.0000     0.0948     1.0049     1.0049    -0.0000
 10   0     0.9052     1.0000     0.0948     1.0049     1.0049    -0.0000
 11   0     0.9050     1.0000     0.0950     1.0049     1.0049     0.0000
 12   0     0.9052     1.0000     0.0948     1.0050     1.0050    -0.0000
 13   0     0.9053     1.0000     0.0947     1.0050     1.0050    -0.0000
 14   0     0.9049     1.0000     0.0951     1.0048     1.0048    -0.0000
 15   0     0.9054     1.0000     0.0946     1.0049     1.0049     0.0000
 16   0     0.9052     1.0000     0.0948     1.0050     1.0050    -0.0000
      Bond orders larger than 0.1000000
           Atom A     A.N. of A          Atom B    A.N. of B              Bond order
                0            14               1            6                0.960069
                0            14               2            6                0.960081
                0            14               3            6                0.960285
                0            14               4            6                0.960365
                1             6               5            1                0.968316
                1             6               6            1                0.968285
                1             6               7            1                0.968394
                2             6               8            1                0.968202
                2             6               9            1                0.968230
                2             6              10            1                0.968243
                3             6              11            1                0.968223
                3             6              12            1                0.968260
                3             6              13            1                0.968280
                4             6              14            1                0.968258
                4             6              15            1                0.968258
                4             6              16            1                0.968203
# -----------------------------------------------------------
$ Calculation_Info
   description: Details of the calculation
   geom. index: 1
   prop. index: 1
     Multiplicity:                          1
     Charge:                                0
     number of atoms:                       17
     number of electrons:                   0
     number of frozen core electrons:       1
     number of correlated electrons:        0
     number of basis functions:             334
     number of aux C basis functions:       0
     number of aux J basis functions:       379
     number of aux JK basis functions:      0
     number of aux CABS basis functions:    0
     Total Energy                           -449.112464
# -----------------------------------------------------------
$ SCF_Electric_Properties
   description: The SCF Calculated Electric Properties
   geom. index: 1
   prop. index: 1
       Filename                          : nmr.scfp 
       Do Dipole Moment Calculation      : true 
       Do Quadrupole Moment Calculation  : false 
       Do Polarizability Calculation     : false 
** Dipole moment part of electric properties **
        Magnitude of dipole moment (Debye) :        0.0024270300
        Electronic Contribution:
                  0    
      0       0.001758
      1      -0.002385
      2      -0.005846
        Nuclear Contribution:
                  0    
      0      -0.001424
      1       0.001961
      2       0.005058
        Total Dipole moment:
                  0    
      0       0.000334
      1      -0.000424
      2      -0.000788
# -----------------------------------------------------------
$ EPRNMR_OrbitalShielding
   description: Orbital contribution to the NMR Shielding tensor (ppm)
   geom. index: 1
   prop. index: 1
 Number of stored nuclei 17
 Source density: 1 SCF 
 Nucleus: 5 H  
 Shielding tensor (ppm): 
                  0          1          2    
      0      37.033642  -0.654647  -2.037113
      1      -0.823169  28.304987   0.634026
      2      -2.513055   0.625199  29.814527
 P Tensor eigenvectors:
                   0          1          2    
      0      -0.013173  -0.291639  -0.956438
      1       0.934502  -0.343867   0.091982
      2      -0.355713  -0.892582   0.277067
 P Eigenvalues: 
                  0          1          2    
      0      28.075792  29.303871  37.773493
P(iso)  31.717719
 Nucleus: 6 H  
 Shielding tensor (ppm): 
                  0          1          2    
      0      28.708158   1.551328   0.073484
      1       1.768463  35.912147   3.123144
      2       0.262154   3.550048  30.532342
 P Tensor eigenvectors:
                   0          1          2    
      0       0.827998   0.533319   0.173175
      1      -0.358833   0.266646   0.894505
      2       0.430880  -0.802790   0.412155
 P Eigenvalues: 
                  0          1          2    
      0      28.076048  29.295926  37.780673
P(iso)  31.717549
 Nucleus: 7 H  
 Shielding tensor (ppm): 
                  0          1          2    
      0      28.778415  -1.181980   1.143564
      1      -1.224036  30.284205  -2.957668
      2       1.433541  -3.362858  36.071974
 P Tensor eigenvectors:
                   0          1          2    
      0       0.807694  -0.559916   0.184727
      1       0.581145   0.703152  -0.409692
      2       0.099502   0.438259   0.893324
 P Eigenvalues: 
                  0          1          2    
      0      28.071452  29.290915  37.772228
P(iso)  31.711532
 Nucleus: 8 H  
 Shielding tensor (ppm): 
                  0          1          2    
      0      37.009820  -1.397151   1.666771
      1      -1.715824  28.884418  -0.975592
      2       2.038616  -0.979453  29.236551
 P Tensor eigenvectors:
                   0          1          2    
      0       0.000930  -0.295779   0.955256
      1       0.767965  -0.611622  -0.190126
      2       0.640491   0.733780   0.226579
 P Eigenvalues: 
                  0          1          2    
      0      28.067227  29.294930  37.768633
P(iso)  31.710263
 Nucleus: 9 H  
 Shielding tensor (ppm): 
                  0          1          2    
      0      28.747394  -0.717649  -1.446394
      1      -0.664071  28.947949   0.397765
      2      -1.748245   0.815321  37.455982
 P Tensor eigenvectors:
                   0          1          2    
      0       0.815998  -0.548854  -0.181404
      1       0.568963   0.818030   0.084306
      2       0.102122  -0.172006   0.979788
 P Eigenvalues: 
                  0          1          2    
      0      28.065915  29.287334  37.798075
P(iso)  31.717108
 Nucleus: 10 H  
 Shielding tensor (ppm): 
                  0          1          2    
      0      28.742101   1.537921   0.456493
      1       1.813696  37.393484  -0.643913
      2       0.361128  -1.050260  29.008469
 P Tensor eigenvectors:
                   0          1          2    
      0      -0.820529   0.542502  -0.180068
      1       0.196396  -0.028275  -0.980117
      2       0.536807   0.839579   0.083345
 P Eigenvalues: 
                  0          1          2    
      0      28.073701  29.297989  37.772364
P(iso)  31.714685
 Nucleus: 11 H  
 Shielding tensor (ppm): 
                  0          1          2    
      0      37.029415   2.149959   0.222168
      1       2.645396  29.989098   0.325817
      2       0.320654   0.339050  28.127946
 P Tensor eigenvectors:
                   0          1          2    
      0       0.023492  -0.293106  -0.955791
      1      -0.198765   0.935599  -0.291799
      2       0.979766   0.196833  -0.036280
 P Eigenvalues: 
                  0          1          2    
      0      28.067012  29.297927  37.781520
P(iso)  31.715487
 Nucleus: 12 H  
 Shielding tensor (ppm): 
                  0          1          2    
      0      28.835085  -0.968168   1.404229
      1      -1.257831  34.817524  -4.146512
      2       1.497972  -3.744390  31.501811
 P Tensor eigenvectors:
                   0          1          2    
      0       0.795701   0.574143   0.192922
      1      -0.202739   0.552613  -0.808403
      2      -0.570751   0.604134   0.556116
 P Eigenvalues: 
                  0          1          2    
      0      28.077673  29.301302  37.775445
P(iso)  31.718140
 Nucleus: 13 H  
 Shielding tensor (ppm): 
                  0          1          2    
      0      28.665859  -0.313455  -1.469974
      1      -0.530427  31.814614   4.259615
      2      -1.655012   3.843105  34.648882
 P Tensor eigenvectors:
                   0          1          2    
      0      -0.834836  -0.524551  -0.167020
      1       0.357845  -0.747647   0.559438
      2      -0.418326   0.407272   0.811870
 P Eigenvalues: 
                  0          1          2    
      0      28.063885  29.287754  37.777715
P(iso)  31.709785
 Nucleus: 14 H  
 Shielding tensor (ppm): 
                  0          1          2    
      0      32.345528   4.246396   0.809024
      1       3.754682  34.478310   1.251841
      2       0.711579   1.243448  28.301827
 P Tensor eigenvectors:
                   0          1          2    
      0       0.009449  -0.802176  -0.597012
      1      -0.196478   0.583911  -0.787683
      2       0.980463   0.124742  -0.152092
 P Eigenvalues: 
                  0          1          2    
      0      28.059165  29.291672  37.774827
P(iso)  31.708555
 Nucleus: 15 H  
 Shielding tensor (ppm): 
                  0          1          2    
      0      32.342935  -1.431628  -4.078471
      1      -1.270720  28.769573   2.045625
      2      -3.606098   2.051121  34.005520
 P Tensor eigenvectors:
                   0          1          2    
      0       0.014112  -0.801860  -0.597345
      1       0.948057  -0.179137   0.262866
      2      -0.317788  -0.570026   0.757681
 P Eigenvalues: 
                  0          1          2    
      0      28.063095  29.286172  37.768761
P(iso)  31.706009
 Nucleus: 16 H  
 Shielding tensor (ppm): 
                  0          1          2    
      0      32.322098  -2.816674   3.273344
      1      -2.478206  30.945447  -3.312300
      2       2.893539  -3.311228  31.877452
 P Tensor eigenvectors:
                   0          1          2    
      0       0.013702  -0.804276   0.594097
      1      -0.749240  -0.401718  -0.526556
      2      -0.662156   0.437907   0.608101
 P Eigenvalues: 
                  0          1          2    
      0      28.066723  29.297151  37.781123
P(iso)  31.714999
 Nucleus: 1 C  
 Shielding tensor (ppm): 
                  0          1          2    
      0     182.202858  -0.834418  -2.600277
      1      -0.797801 182.043092   2.590627
      2      -2.603047   2.601663 187.916984
 P Tensor eigenvectors:
                   0          1          2    
      0      -0.468454   0.817604  -0.334775
      1       0.755444   0.567167   0.328063
      2      -0.458100   0.099222   0.883346
 P Eigenvalues: 
                  0          1          2    
      0     180.974932 181.320913 189.867089
P(iso)  184.054311
 Nucleus: 2 C  
 Shielding tensor (ppm): 
                  0          1          2    
      0     181.986882  -1.787297   2.076878
      1      -1.793525 184.374244  -3.771605
      2       2.005475  -3.688169 185.904293
 P Tensor eigenvectors:
                   0          1          2    
      0       0.905863  -0.271547   0.325078
      1       0.419553   0.680699  -0.600520
      2      -0.058211   0.680376   0.730548
 P Eigenvalues: 
                  0          1          2    
      0     181.026393 181.359283 189.879743
P(iso)  184.088473
 Nucleus: 3 C  
 Shielding tensor (ppm): 
                  0          1          2    
      0     182.237346   2.660304   0.565613
      1       2.712566 188.665664   1.322131
      2       0.548970   1.321212 181.337621
 P Tensor eigenvectors:
                   0          1          2    
      0       0.382726   0.859893   0.337794
      1       0.025317  -0.375257   0.926575
      2      -0.923515   0.346073   0.165390
 P Eigenvalues: 
                  0          1          2    
      0     181.070413 181.289492 189.880726
P(iso)  184.080210
 Nucleus: 4 C  
 Shielding tensor (ppm): 
                  0          1          2    
      0     189.886090  -0.004598   0.088449
      1      -0.005872 181.192547  -0.196364
      2       0.020415  -0.129450 181.159869
 P Tensor eigenvectors:
                   0          1          2    
      0      -0.004224   0.004785  -0.999980
      1       0.670582   0.741835   0.000717
      2       0.741823  -0.670566  -0.006343
 P Eigenvalues: 
                  0          1          2    
      0     181.012331 181.339742 189.886433
P(iso)  184.079502
 Nucleus: 0 Si 
 Shielding tensor (ppm): 
                  0          1          2    
      0     315.903512   0.270588   0.103613
      1       0.057838 315.776083   0.065058
      2       0.307186  -0.171784 315.888242
 P Tensor eigenvectors:
                   0          1          2    
      0      -0.610436  -0.236901  -0.755808
      1       0.615955  -0.741892  -0.264944
      2       0.497963   0.627275  -0.598798
 P Eigenvalues: 
                  0          1          2    
      0     315.570283 315.873710 316.123844
P(iso)  315.855946
# -------------------------------------------------------------
----------------------- !GEOMETRIES! ------------------------
# -------------------------------------------------------------
------------------------ !GEOMETRY! -------------------------
    Number of atoms:    17 
    Geometry Index:     1 
    Coordinates:
               0 Si     1.067252886971    0.066974836606    0.030500970734
               1 C      0.438119535021    0.674020664656    1.695734184949
               2 C      0.441970881333    1.208989931743   -1.326750896665
               3 C      0.439900368112   -1.679243537517   -0.276826848372
               4 C      2.948139055701    0.065200151927    0.032592242680
               5 H     -0.653542713391    0.675465513952    1.728068553716
               6 H      0.777350995240    1.691974633921    1.899167722677
               7 H      0.792835908534    0.037357361910    2.509096940835
               8 H     -0.649582964768    1.231282469513   -1.353732914142
               9 H      0.791411105207    0.884371057749   -2.309250434571
              10 H      0.790348701104    2.232596613890   -1.172726348316
              11 H     -0.651583077206   -1.715307767126   -0.263553069683
              12 H      0.803459536285   -2.369524362531    0.487387266801
              13 H      0.772323266774   -2.054233955608   -1.247246266076
              14 H      3.344390862492    1.064463455151    0.225651533819
              15 H      3.344847860023   -0.268863789314   -0.928565122143
              16 H      3.341357792567   -0.601453278922    0.803122483757
